linear regression
============= show LR result =============
Train set mse: 2.104775035268688
Val set mse: 1.3080422741654456
data of large error in training (thresh = 50):
date    shop_id  item_id  2013-01  2013-02  2013-03  2013-04  2013-05  2013-06  2013-07  ...  2015-01  2015-02  2015-03  2015-04  2015-05  2015-06  2015-07  2015-08  2015-09
53489         9    16843        0        0        0        0        0        0        0  ...        0        0        0        0        0        0        0        0        0
53119         9    11526        0        0        0        0        0        0        0  ...        0        0        0        0        0        0        0        0        0
265456       39    11055        0        0        0        0        0        0        0  ...        0        0        0        0        1        0        0        0        0
384664       55     9251        0        0        0        0        0        0        0  ...        0        0        0       11       47       50       87      193     1117
220469       31     7223        0        0        0        0        0        0        0  ...        0        0        0        0        0        0        0        0        0
53161         9    13246        0        0        0        0        0        0        0  ...        0        0        0        0        0        0        0        0        0
186383       27    20949        0        0        0        0        0       16      271  ...      552      300        0      237      280      197      128        0        0
280424       42    10202        0        0        0        0        0        0        0  ...        0        0        0        0        0        0        0        0        0
121778       20    14956        0        0        0        0        0        0        0  ...        0        0        0        0        0        0        0        0        0
155565       25     7224        0        0        0        0        0        0        0  ...        0        0        0        0        0        0        0        0        0
53292         9    15069        0        0        0        0        0        0        0  ...        0        0        0        0        0        0        0        0        0
157769       25    10201        0        0        0        0        0        0        0  ...        0        0        0        0        0        0        0        0        0
170650       26    10201        0        0        0        0        0        0        0  ...        0        0        0        0        0        0        0        0        0
52824         9     4719        0        0        0        0        0        0        0  ...        0        0        0        0        0        0        0        0        0
52964         9     7018        0        0        0        0        0        0        0  ...        0        0        0        0        0        0        0        0        0
67428        12    20949        0        0        0        0        0        0        0  ...     1000        0        0        0        0        0        0        0        0
286958       42    20949        0        0        0        2       23      453      311  ...      365      257        0      378      347      316      369      368      387
52794         9     4201        0        0        0        0        0        0        0  ...        0        0        0        0        0        0        0        0        0
52939         9     6503        0        0        0        0        0        0        0  ...        0        0        0        0        0        0        0        0        0
121795       20    15047        0        0        0        0        0        0        0  ...        0        0        0        0        0        0        0        0        0
121667       20    13246        0        0        0        0        0        0        0  ...        0        0        0        0        0        0        0        0        0
278787       42     7224        0        0        0        0        0        0        0  ...        0        0        0        0        0        0        0        0        0
152091       25     1583        0        0        0        0        0        0        0  ...        0        0        0        0        0        0        0        0        0
121908       20    16843        0        0        0        0        0        0        0  ...        0        0        0        0        0        0        0        0        0
384661       55     9247        0        0        0        0        0        0        0  ...        0        0        0        7       47       40       60      157      716
384306       55     5917        0        0        0        0        0        0        0  ...     1127        5      291      107        0        0        0        0        0
384144       55     4865        0        0        0        0        0        0        0  ...        0        0        0        0        2        7        4        7       40
131948       21    20949        0        0        0        0       26      106      102  ...      146      135       11      132      108      200      123       83      120
53284         9    15047        0        0        0        0        0        0        0  ...        0        0        0        0        0        0        0        0        0
280423       42    10201        0        0        0        0        0        0        0  ...        0        0        0        0        0        0        0        0        0
276080       42     1583        0        0        0        0        0        0        0  ...        0        0        0        0        0        0        0        0        0
135977       22    10201        0        0        0        0        0        0        0  ...        0        0        0        0        0        0        0        0        0
157770       25    10202        0        0        0        0        0        0        0  ...        0        0        0        0        0        0        0        0        0

[33 rows x 35 columns]
data of large error in validation (thresh = 50):
date    shop_id  item_id  2013-01  2013-02  2013-03  2013-04  2013-05  2013-06  2013-07  ...  2015-01  2015-02  2015-03  2015-04  2015-05  2015-06  2015-07  2015-08  2015-09
155564       25     7223        0        0        0        0        0        0        0  ...        0        0        0        0        0        0        0        0        0
198878       28    20949        0        0        0        7      504      634      540  ...      627       45       77      320      309      328      299      284      237
278786       42     7223        0        0        0        0        0        0        0  ...        0        0        0        0        0        0        0        0        0
35813         6    10201        0        0        0        0        0        0        0  ...        0        0        0        0        0        0        0        0        0
222489       31    10201        0        0        0        0        0        0        0  ...        0        0        0        0        0        0        0        0        0

[5 rows x 35 columns]
==========================================

boosting Regression
============= show gbr result =============
Train set mse: 1.2821120482448436
Val set mse: 1.03137287800816
data of large error in training (thresh = 50):
date    shop_id  item_id  2013-01  2013-02  2013-03  2013-04  2013-05  2013-06  2013-07  ...  2015-01  2015-02  2015-03  2015-04  2015-05  2015-06  2015-07  2015-08  2015-09
53489         9    16843        0        0        0        0        0        0        0  ...        0        0        0        0        0        0        0        0        0
53119         9    11526        0        0        0        0        0        0        0  ...        0        0        0        0        0        0        0        0        0
265456       39    11055        0        0        0        0        0        0        0  ...        0        0        0        0        1        0        0        0        0
220469       31     7223        0        0        0        0        0        0        0  ...        0        0        0        0        0        0        0        0        0
53161         9    13246        0        0        0        0        0        0        0  ...        0        0        0        0        0        0        0        0        0
280424       42    10202        0        0        0        0        0        0        0  ...        0        0        0        0        0        0        0        0        0
121778       20    14956        0        0        0        0        0        0        0  ...        0        0        0        0        0        0        0        0        0
155565       25     7224        0        0        0        0        0        0        0  ...        0        0        0        0        0        0        0        0        0
53292         9    15069        0        0        0        0        0        0        0  ...        0        0        0        0        0        0        0        0        0
157769       25    10201        0        0        0        0        0        0        0  ...        0        0        0        0        0        0        0        0        0
170650       26    10201        0        0        0        0        0        0        0  ...        0        0        0        0        0        0        0        0        0
52824         9     4719        0        0        0        0        0        0        0  ...        0        0        0        0        0        0        0        0        0
52794         9     4201        0        0        0        0        0        0        0  ...        0        0        0        0        0        0        0        0        0
52939         9     6503        0        0        0        0        0        0        0  ...        0        0        0        0        0        0        0        0        0
121795       20    15047        0        0        0        0        0        0        0  ...        0        0        0        0        0        0        0        0        0
121667       20    13246        0        0        0        0        0        0        0  ...        0        0        0        0        0        0        0        0        0
278787       42     7224        0        0        0        0        0        0        0  ...        0        0        0        0        0        0        0        0        0
152091       25     1583        0        0        0        0        0        0        0  ...        0        0        0        0        0        0        0        0        0
121908       20    16843        0        0        0        0        0        0        0  ...        0        0        0        0        0        0        0        0        0
53284         9    15047        0        0        0        0        0        0        0  ...        0        0        0        0        0        0        0        0        0
280423       42    10201        0        0        0        0        0        0        0  ...        0        0        0        0        0        0        0        0        0
276080       42     1583        0        0        0        0        0        0        0  ...        0        0        0        0        0        0        0        0        0
135977       22    10201        0        0        0        0        0        0        0  ...        0        0        0        0        0        0        0        0        0
157770       25    10202        0        0        0        0        0        0        0  ...        0        0        0        0        0        0        0        0        0

[24 rows x 35 columns]
data of large error in validation (thresh = 50):
date    shop_id  item_id  2013-01  2013-02  2013-03  2013-04  2013-05  2013-06  2013-07  ...  2015-01  2015-02  2015-03  2015-04  2015-05  2015-06  2015-07  2015-08  2015-09
155564       25     7223        0        0        0        0        0        0        0  ...        0        0        0        0        0        0        0        0        0
198878       28    20949        0        0        0        7      504      634      540  ...      627       45       77      320      309      328      299      284      237
278786       42     7223        0        0        0        0        0        0        0  ...        0        0        0        0        0        0        0        0        0
166002       25    20949        0        0        0        5       83      766      575  ...      580        0        0      476      498      444      353      323      388
35813         6    10201        0        0        0        0        0        0        0  ...        0        0        0        0        0        0        0        0        0
222489       31    10201        0        0        0        0        0        0        0  ...        0        0        0        0        0        0        0        0        0

[6 rows x 35 columns]
===========================================

xgboost Regression
============= show xgbc result =============
Train set mse: 0.6330470337572977
Val set mse: 5.203983838824365
data of large error in training (thresh = 50):
date    shop_id  item_id  2013-01  2013-02  2013-03  2013-04  2013-05  2013-06  2013-07  ...  2015-01  2015-02  2015-03  2015-04  2015-05  2015-06  2015-07  2015-08  2015-09
53489         9    16843        0        0        0        0        0        0        0  ...        0        0        0        0        0        0        0        0        0
265456       39    11055        0        0        0        0        0        0        0  ...        0        0        0        0        1        0        0        0        0
53161         9    13246        0        0        0        0        0        0        0  ...        0        0        0        0        0        0        0        0        0
280424       42    10202        0        0        0        0        0        0        0  ...        0        0        0        0        0        0        0        0        0
155565       25     7224        0        0        0        0        0        0        0  ...        0        0        0        0        0        0        0        0        0
53292         9    15069        0        0        0        0        0        0        0  ...        0        0        0        0        0        0        0        0        0
157769       25    10201        0        0        0        0        0        0        0  ...        0        0        0        0        0        0        0        0        0
52794         9     4201        0        0        0        0        0        0        0  ...        0        0        0        0        0        0        0        0        0
121795       20    15047        0        0        0        0        0        0        0  ...        0        0        0        0        0        0        0        0        0
121667       20    13246        0        0        0        0        0        0        0  ...        0        0        0        0        0        0        0        0        0
278787       42     7224        0        0        0        0        0        0        0  ...        0        0        0        0        0        0        0        0        0
121908       20    16843        0        0        0        0        0        0        0  ...        0        0        0        0        0        0        0        0        0
53284         9    15047        0        0        0        0        0        0        0  ...        0        0        0        0        0        0        0        0        0
280423       42    10201        0        0        0        0        0        0        0  ...        0        0        0        0        0        0        0        0        0
157770       25    10202        0        0        0        0        0        0        0  ...        0        0        0        0        0        0        0        0        0

[15 rows x 35 columns]
data of large error in validation (thresh = 50):
date    shop_id  item_id  2013-01  2013-02  2013-03  2013-04  2013-05  2013-06  2013-07  ...  2015-01  2015-02  2015-03  2015-04  2015-05  2015-06  2015-07  2015-08  2015-09
198878       28    20949        0        0        0        7      504      634      540  ...      627       45       77      320      309      328      299      284      237
230428       31    20949        0        0        0       13      384      763      799  ...      743      180        0      481      460      434      482      436      473
175609       26    20949        0        0        0        1      101      153      108  ...      104        2        0        0        0        4       42       78       90
166002       25    20949        0        0        0        5       83      766      575  ...      580        0        0      476      498      444      353      323      388
35813         6    10201        0        0        0        0        0        0        0  ...        0        0        0        0        0        0        0        0        0
64252        12    11370       62       79       81       72       35       47       34  ...      192      195      153      341      578      120      105       87      258

[6 rows x 35 columns]
============================================