linear regression
============= show LR result =============
Train set mse: 2.1046803534289773
Val set mse: 1.3080757934479097
data of large error in training (thresh = 50):
date    shop_id  item_id  2013-01  2013-02  2013-03  2013-04  2013-05  2013-06  2013-07  ...  2015-01  2015-02  2015-03  2015-04  2015-05  2015-06  2015-07  2015-08  2015-09
53489         9       61        0        0        0        0        0        0        0  ...        0        0        0        0        0        0        0        0        0
53119         9       70        0        0        0        0        0        0        0  ...        0        0        0        0        0        0        0        0        0
265456       39       37        0        0        0        0        0        0        0  ...        0        0        0        0        1        0        0        0        0
384664       55        8        0        0        0        0        0        0        0  ...        0        0        0       11       47       50       87      193     1117
220469       31       20        0        0        0        0        0        0        0  ...        0        0        0        0        0        0        0        0        0
53161         9       47        0        0        0        0        0        0        0  ...        0        0        0        0        0        0        0        0        0
186383       27       71        0        0        0        0        0       16      271  ...      552      300        0      237      280      197      128        0        0
280424       42       20        0        0        0        0        0        0        0  ...        0        0        0        0        0        0        0        0        0
121778       20       47        0        0        0        0        0        0        0  ...        0        0        0        0        0        0        0        0        0
155565       25       20        0        0        0        0        0        0        0  ...        0        0        0        0        0        0        0        0        0
53292         9       28        0        0        0        0        0        0        0  ...        0        0        0        0        0        0        0        0        0
157769       25       28        0        0        0        0        0        0        0  ...        0        0        0        0        0        0        0        0        0
170650       26       28        0        0        0        0        0        0        0  ...        0        0        0        0        0        0        0        0        0
52824         9       30        0        0        0        0        0        0        0  ...        0        0        0        0        0        0        0        0        0
52964         9       30        0        0        0        0        0        0        0  ...        0        0        0        0        0        0        0        0        0
67428        12       71        0        0        0        0        0        0        0  ...     1000        0        0        0        0        0        0        0        0
286958       42       71        0        0        0        2       23      453      311  ...      365      257        0      378      347      316      369      368      387
52794         9       75        0        0        0        0        0        0        0  ...        0        0        0        0        0        0        0        0        0
52939         9       30        0        0        0        0        0        0        0  ...        0        0        0        0        0        0        0        0        0
121795       20       61        0        0        0        0        0        0        0  ...        0        0        0        0        0        0        0        0        0
121667       20       47        0        0        0        0        0        0        0  ...        0        0        0        0        0        0        0        0        0
278787       42       20        0        0        0        0        0        0        0  ...        0        0        0        0        0        0        0        0        0
152091       25       20        0        0        0        0        0        0        0  ...        0        0        0        0        0        0        0        0        0
121908       20       61        0        0        0        0        0        0        0  ...        0        0        0        0        0        0        0        0        0
384661       55        8        0        0        0        0        0        0        0  ...        0        0        0        7       47       40       60      157      716
384306       55       31        0        0        0        0        0        0        0  ...     1127        5      291      107        0        0        0        0        0
384144       55       31        0        0        0        0        0        0        0  ...        0        0        0        0        2        7        4        7       40
131948       21       71        0        0        0        0       26      106      102  ...      146      135       11      132      108      200      123       83      120
53284         9       61        0        0        0        0        0        0        0  ...        0        0        0        0        0        0        0        0        0
280423       42       28        0        0        0        0        0        0        0  ...        0        0        0        0        0        0        0        0        0
276080       42       20        0        0        0        0        0        0        0  ...        0        0        0        0        0        0        0        0        0
135977       22       28        0        0        0        0        0        0        0  ...        0        0        0        0        0        0        0        0        0
157770       25       20        0        0        0        0        0        0        0  ...        0        0        0        0        0        0        0        0        0

[33 rows x 35 columns]
data of large error in validation (thresh = 50):
date    shop_id  item_id  2013-01  2013-02  2013-03  2013-04  2013-05  2013-06  2013-07  ...  2015-01  2015-02  2015-03  2015-04  2015-05  2015-06  2015-07  2015-08  2015-09
155564       25       20        0        0        0        0        0        0        0  ...        0        0        0        0        0        0        0        0        0
198878       28       71        0        0        0        7      504      634      540  ...      627       45       77      320      309      328      299      284      237
278786       42       20        0        0        0        0        0        0        0  ...        0        0        0        0        0        0        0        0        0
35813         6       28        0        0        0        0        0        0        0  ...        0        0        0        0        0        0        0        0        0
222489       31       28        0        0        0        0        0        0        0  ...        0        0        0        0        0        0        0        0        0

[5 rows x 35 columns]
==========================================

boosting Regression
============= show gbr result =============
Train set mse: 1.311443898492882
Val set mse: 1.2349734062900244
data of large error in training (thresh = 50):
date    shop_id  item_id  2013-01  2013-02  2013-03  2013-04  2013-05  2013-06  2013-07  ...  2015-01  2015-02  2015-03  2015-04  2015-05  2015-06  2015-07  2015-08  2015-09
53489         9       61        0        0        0        0        0        0        0  ...        0        0        0        0        0        0        0        0        0
53119         9       70        0        0        0        0        0        0        0  ...        0        0        0        0        0        0        0        0        0
265456       39       37        0        0        0        0        0        0        0  ...        0        0        0        0        1        0        0        0        0
220469       31       20        0        0        0        0        0        0        0  ...        0        0        0        0        0        0        0        0        0
53161         9       47        0        0        0        0        0        0        0  ...        0        0        0        0        0        0        0        0        0
280424       42       20        0        0        0        0        0        0        0  ...        0        0        0        0        0        0        0        0        0
121778       20       47        0        0        0        0        0        0        0  ...        0        0        0        0        0        0        0        0        0
155565       25       20        0        0        0        0        0        0        0  ...        0        0        0        0        0        0        0        0        0
53292         9       28        0        0        0        0        0        0        0  ...        0        0        0        0        0        0        0        0        0
157769       25       28        0        0        0        0        0        0        0  ...        0        0        0        0        0        0        0        0        0
170650       26       28        0        0        0        0        0        0        0  ...        0        0        0        0        0        0        0        0        0
52824         9       30        0        0        0        0        0        0        0  ...        0        0        0        0        0        0        0        0        0
52794         9       75        0        0        0        0        0        0        0  ...        0        0        0        0        0        0        0        0        0
52939         9       30        0        0        0        0        0        0        0  ...        0        0        0        0        0        0        0        0        0
121795       20       61        0        0        0        0        0        0        0  ...        0        0        0        0        0        0        0        0        0
121667       20       47        0        0        0        0        0        0        0  ...        0        0        0        0        0        0        0        0        0
278787       42       20        0        0        0        0        0        0        0  ...        0        0        0        0        0        0        0        0        0
152091       25       20        0        0        0        0        0        0        0  ...        0        0        0        0        0        0        0        0        0
121908       20       61        0        0        0        0        0        0        0  ...        0        0        0        0        0        0        0        0        0
53284         9       61        0        0        0        0        0        0        0  ...        0        0        0        0        0        0        0        0        0
280423       42       28        0        0        0        0        0        0        0  ...        0        0        0        0        0        0        0        0        0
276080       42       20        0        0        0        0        0        0        0  ...        0        0        0        0        0        0        0        0        0
135977       22       28        0        0        0        0        0        0        0  ...        0        0        0        0        0        0        0        0        0
157770       25       20        0        0        0        0        0        0        0  ...        0        0        0        0        0        0        0        0        0

[24 rows x 35 columns]
data of large error in validation (thresh = 50):
date    shop_id  item_id  2013-01  2013-02  2013-03  2013-04  2013-05  2013-06  2013-07  ...  2015-01  2015-02  2015-03  2015-04  2015-05  2015-06  2015-07  2015-08  2015-09
155564       25       20        0        0        0        0        0        0        0  ...        0        0        0        0        0        0        0        0        0
198878       28       71        0        0        0        7      504      634      540  ...      627       45       77      320      309      328      299      284      237
278786       42       20        0        0        0        0        0        0        0  ...        0        0        0        0        0        0        0        0        0
166002       25       71        0        0        0        5       83      766      575  ...      580        0        0      476      498      444      353      323      388
35813         6       28        0        0        0        0        0        0        0  ...        0        0        0        0        0        0        0        0        0
222489       31       28        0        0        0        0        0        0        0  ...        0        0        0        0        0        0        0        0        0

[6 rows x 35 columns]
===========================================

xgboost Regression
============= show xgbc result =============
Train set mse: 0.9644600878022502
Val set mse: 5.543864617463177
data of large error in training (thresh = 50):
date    shop_id  item_id  2013-01  2013-02  2013-03  2013-04  2013-05  2013-06  2013-07  ...  2015-01  2015-02  2015-03  2015-04  2015-05  2015-06  2015-07  2015-08  2015-09
53489         9       61        0        0        0        0        0        0        0  ...        0        0        0        0        0        0        0        0        0
265456       39       37        0        0        0        0        0        0        0  ...        0        0        0        0        1        0        0        0        0
220469       31       20        0        0        0        0        0        0        0  ...        0        0        0        0        0        0        0        0        0
53161         9       47        0        0        0        0        0        0        0  ...        0        0        0        0        0        0        0        0        0
280424       42       20        0        0        0        0        0        0        0  ...        0        0        0        0        0        0        0        0        0
121778       20       47        0        0        0        0        0        0        0  ...        0        0        0        0        0        0        0        0        0
155565       25       20        0        0        0        0        0        0        0  ...        0        0        0        0        0        0        0        0        0
53292         9       28        0        0        0        0        0        0        0  ...        0        0        0        0        0        0        0        0        0
157769       25       28        0        0        0        0        0        0        0  ...        0        0        0        0        0        0        0        0        0
170650       26       28        0        0        0        0        0        0        0  ...        0        0        0        0        0        0        0        0        0
52824         9       30        0        0        0        0        0        0        0  ...        0        0        0        0        0        0        0        0        0
52794         9       75        0        0        0        0        0        0        0  ...        0        0        0        0        0        0        0        0        0
121795       20       61        0        0        0        0        0        0        0  ...        0        0        0        0        0        0        0        0        0
121667       20       47        0        0        0        0        0        0        0  ...        0        0        0        0        0        0        0        0        0
278787       42       20        0        0        0        0        0        0        0  ...        0        0        0        0        0        0        0        0        0
152091       25       20        0        0        0        0        0        0        0  ...        0        0        0        0        0        0        0        0        0
121908       20       61        0        0        0        0        0        0        0  ...        0        0        0        0        0        0        0        0        0
53284         9       61        0        0        0        0        0        0        0  ...        0        0        0        0        0        0        0        0        0
280423       42       28        0        0        0        0        0        0        0  ...        0        0        0        0        0        0        0        0        0
276080       42       20        0        0        0        0        0        0        0  ...        0        0        0        0        0        0        0        0        0
135977       22       28        0        0        0        0        0        0        0  ...        0        0        0        0        0        0        0        0        0
157770       25       20        0        0        0        0        0        0        0  ...        0        0        0        0        0        0        0        0        0

[22 rows x 35 columns]
data of large error in validation (thresh = 50):
date    shop_id  item_id  2013-01  2013-02  2013-03  2013-04  2013-05  2013-06  2013-07  ...  2015-01  2015-02  2015-03  2015-04  2015-05  2015-06  2015-07  2015-08  2015-09
155564       25       20        0        0        0        0        0        0        0  ...        0        0        0        0        0        0        0        0        0
198878       28       71        0        0        0        7      504      634      540  ...      627       45       77      320      309      328      299      284      237
230428       31       71        0        0        0       13      384      763      799  ...      743      180        0      481      460      434      482      436      473
175609       26       71        0        0        0        1      101      153      108  ...      104        2        0        0        0        4       42       78       90
278786       42       20        0        0        0        0        0        0        0  ...        0        0        0        0        0        0        0        0        0
166002       25       71        0        0        0        5       83      766      575  ...      580        0        0      476      498      444      353      323      388
35813         6       28        0        0        0        0        0        0        0  ...        0        0        0        0        0        0        0        0        0
222489       31       28        0        0        0        0        0        0        0  ...        0        0        0        0        0        0        0        0        0
64252        12        9       62       79       81       72       35       47       34  ...      192      195      153      341      578      120      105       87      258

[9 rows x 35 columns]
============================================